,iter,score,time,passes,iteration
0,7,60,1.2840394973754883,7,0
1,17,77,1.8597464561462402,10,0
2,25,75,1.5103719234466553,8,0
3,33,61,1.3248326778411865,8,0
4,40,89,1.214881181716919,7,0
5,46,79,0.6938257217407227,6,0
6,50,77,0.43821120262145996,4,0
0,9,72,1.2641441822052002,9,1
1,16,73,0.9163966178894043,7,1
2,30,76,1.7340829372406006,14,1
3,40,93,1.6872835159301758,10,1
4,48,80,1.0512943267822266,8,1
5,50,163,0.232558012008667,2,1
0,9,65,1.6123993396759033,9,2
1,17,47,0.9477953910827637,8,2
2,25,82,1.164114236831665,8,2
3,34,66,1.1697609424591064,9,2
4,42,68,0.9584882259368896,8,2
5,50,75,1.1531970500946045,8,2
0,8,92,1.4250235557556152,8,3
1,14,102,0.732304573059082,6,3
2,20,87,0.9653244018554688,6,3
3,27,57,1.3221826553344727,7,3
4,36,81,1.6721773147583008,9,3
5,45,51,1.3776075839996338,9,3
6,50,73,0.54726243019104,5,3
0,8,68,1.0598421096801758,8,4
1,16,76,1.3029546737670898,8,4
2,25,71,1.4291460514068604,9,4
3,32,82,1.149742603302002,7,4
4,40,68,1.485217809677124,8,4
5,47,74,1.1291563510894775,7,4
6,50,97,0.34139227867126465,3,4
0,8,84,1.4856276512145996,8,5
1,15,70,1.3048732280731201,7,5
2,22,91,1.2729790210723877,7,5
3,31,64,1.678238868713379,9,5
4,38,62,1.323437213897705,7,5
5,44,60,0.9729061126708984,6,5
6,50,76,0.6351268291473389,6,5
0,7,68,0.9281518459320068,7,6
1,15,77,1.4837586879730225,8,6
2,25,85,1.4928615093231201,10,6
3,32,59,1.2591047286987305,7,6
4,41,101,1.6887173652648926,9,6
5,49,59,0.9971985816955566,8,6
6,50,286,0.11744427680969238,1,6
0,7,80,1.2607860565185547,7,7
1,17,63,1.4978644847869873,10,7
2,25,78,1.5104176998138428,8,7
3,33,74,1.0513544082641602,8,7
4,40,66,1.1709654331207275,7,7
5,47,64,0.8435080051422119,7,7
6,50,115,0.4719047546386719,3,7
0,10,79,1.8450815677642822,10,8
1,16,74,1.0354504585266113,6,8
2,27,53,2.0684895515441895,11,8
3,34,76,1.3220248222351074,7,8
4,41,50,0.9247167110443115,7,8
5,49,95,1.0032036304473877,8,8
6,50,265,0.10345768928527832,1,8
0,7,74,0.8890314102172852,7,9
1,14,62,1.122739553451538,7,9
2,22,60,1.1400809288024902,8,9
3,32,58,1.4032347202301025,10,9
4,41,76,1.6288304328918457,9,9
5,50,77,1.4618077278137207,9,9
0,7,98,1.2597484588623047,7,10
1,14,80,1.3012490272521973,7,10
2,21,90,1.3151659965515137,7,10
3,27,89,0.8287932872772217,6,10
4,38,93,1.3607182502746582,11,10
5,45,69,1.2800700664520264,7,10
6,50,77,0.7557737827301025,5,10
0,10,66,1.8583407402038574,10,11
1,17,73,1.3050806522369385,7,11
2,25,69,1.0491406917572021,8,11
3,33,67,0.9743962287902832,8,11
4,44,61,1.3227288722991943,11,11
5,50,66,0.725245475769043,6,11
0,8,80,1.5265235900878906,8,12
1,17,95,1.6776182651519775,9,12
2,27,71,1.8786988258361816,10,12
3,33,94,1.1111586093902588,6,12
4,44,90,1.8759760856628418,11,12
5,50,102,0.6316366195678711,6,12
0,8,51,1.3916969299316406,8,13
1,14,69,0.7539339065551758,6,13
2,20,76,0.7459597587585449,6,13
3,31,56,1.3305087089538574,11,13
4,39,70,1.2375867366790771,8,13
5,47,67,1.4934606552124023,8,13
6,50,96,0.5688638687133789,3,13
0,10,85,1.8862290382385254,10,14
1,15,63,0.9321508407592773,5,14
2,23,61,1.4863133430480957,8,14
3,29,75,1.1157333850860596,6,14
4,39,73,1.8661777973175049,10,14
5,48,78,1.20961332321167,9,14
6,50,149,0.2083573341369629,2,14
0,8,64,1.5315465927124023,8,15
1,17,77,1.6809725761413574,9,15
2,25,96,1.4975016117095947,8,15
3,35,69,1.2176718711853027,10,15
4,44,79,1.065281629562378,9,15
5,50,91,0.7242143154144287,6,15
0,8,66,1.5194435119628906,8,16
1,19,81,1.6106500625610352,11,16
2,27,66,1.0165717601776123,8,16
3,34,73,1.322037935256958,7,16
4,43,50,1.660191535949707,9,16
5,50,93,1.0152060985565186,7,16
0,9,40,1.7045910358428955,9,17
1,15,96,1.1350758075714111,6,17
2,23,74,1.375812292098999,8,17
3,30,69,0.8583097457885742,7,17
4,36,84,0.9234051704406738,6,17
5,47,62,1.9488108158111572,11,17
6,50,127,0.3277246952056885,3,17
0,8,65,1.0565195083618164,8,18
1,17,77,1.5553441047668457,9,18
2,26,85,1.6848983764648438,9,18
3,36,93,1.4272675514221191,10,18
4,43,102,0.8485274314880371,7,18
5,50,73,0.8714244365692139,7,18
0,8,56,0.9797694683074951,8,19
1,16,74,1.205045223236084,8,19
2,24,62,1.502185583114624,8,19
3,33,73,1.671722650527954,9,19
4,41,74,1.504349708557129,8,19
5,49,56,1.150627851486206,8,19
6,50,283,0.12628507614135742,1,19
0,11,70,1.5710117816925049,11,20
1,20,58,1.6656320095062256,9,20
2,28,51,1.3492937088012695,8,20
3,38,82,1.3896048069000244,10,20
4,48,62,1.210923433303833,10,20
5,50,125,0.25269460678100586,2,20
0,10,73,1.5831716060638428,10,21
1,18,82,1.1224653720855713,8,21
2,27,69,1.6756505966186523,9,21
3,37,87,1.8674077987670898,10,21
4,45,81,1.3614776134490967,8,21
5,50,63,0.5783650875091553,5,21
0,12,72,1.520881175994873,12,22
1,19,97,0.8686141967773438,7,22
2,26,55,0.8730888366699219,7,22
3,34,88,0.931882381439209,8,22
4,44,46,1.254974365234375,10,22
5,50,104,0.7370631694793701,6,22
0,8,102,1.5085034370422363,8,23
1,14,78,0.7636277675628662,6,23
2,25,76,1.360398769378662,11,23
3,31,54,0.731802225112915,6,23
4,39,49,1.4306528568267822,8,23
5,47,83,1.4969110488891602,8,23
6,50,132,0.4079148769378662,3,23
0,12,79,1.47263765335083,12,24
1,20,81,0.8662869930267334,8,24
2,30,77,1.0074942111968994,10,24
3,40,85,0.9858176708221436,10,24
4,49,77,0.896857500076294,9,24
5,50,271,0.10238122940063477,1,24
